bioacoustica.britishOrthoptera <- list(
  price = list(
    235,
    80,
    236,
    237,
    238,
    109,
    101,
    95,
    89,
    72
  );
  bmnh = list(
    210,
    208,
    206,
    196,
    130,
    128,
    117,
    52,
    61,
    41,
    26
  );
);
